243414141
142414143
141414342
341414241
432141414
414143412
414141234
214341414
323414141
143412143
141414323
341214341
231143412
412143231
214341132
132341214
312431123
143231312
321134213
213132341
121312234
231312421
432213121
124213132
214123342
312421234
243321412
432124213
141232423
421234321
324232141
123432124
414141324
314241414
423141414
414142413
141414243
241414341
342414141
143414142
414141432
414341214
234141414
412143414
143412324
341214423
423214341
324412143
431123241
214423131
142321134
131324412
312234412
423131242
214432213
242131324
123342124
131242423
421243321
324242131
232423241
242423132
142324232
231324242
141324212
231124241
212423141
142421132
414243121
124241134
121342414
431142421
141432214
241134421
412234141
124431142
412324142
134421242
241423214
242124431
123241424
421242413
424142321
314242124
234412243
242413324
342214432
423314242
342124431
413324142
134421243
241423314
423241312
324142213
213142324
312241423
324212323
323212324
323212423
423212323
243121234
212324413
432121342
314423212
432214341
324413142
143412234
241314423
324142413
413142324
314241423
423241314
241424131
142324141
131424142
141423241
412243312
324141232
213342214
232141423
124431123
141232314
321134421
413232141
241312234
232314421
432213142
124413232
212323131
132321132
131323212
231123231
121234312
321132241
213432121
142231123
214341123
132241314
321143412
413142231
142413231
241314132
132314241
231413142
424131313
314132314
313131424
413231413
243312131
132314123
131213342
321413231
431123312
314123231
213321134
132321413
312234121
123231142
121432213
241132321
323131324
313232413
423131323
314232313
234312243
232413324
342213432
423314232
341123431
413324131
134321143
131423314
413231314
324131413
413132314
314131423
131313141
131413131
141313131
131314131
312131413
413131312
314131213
213131314
123312134
131312423
431213321
324213131
234121343
312423314
343121432
413324213
131324132
131323241
231423131
142323131
312243324
323241432
423342213
234142323
123431243
241432313
342134321
313234142
231314432
432313241
234413132
142313234
313141324
313241413
423141313
314142313
131413242
241413231
242314131
132314142
312134423
413231342
324431213
243132314
121343231
231342131
132343121
131243132
324132213
213132324
312231423
423231312
243324132
132324243
231423342
342423231
431243324
324243431
423342134
134342423
314432243
243431324
342234413
423134342
141324431
431324141
134423141
141423134
413242313
324141323
313242314
323141423
134423134
141323434
431324431
434323141
343231342
323434213
243132343
312434323
